| Metric            |   Class [EXTREMELY NEGATIVE] |   Class [NEGATIVE] |   Class [NEUTRAL] |   Class [POSITIVE] |   Class [EXTREMELY POSITIVE] |
|-------------------+------------------------------+--------------------+-------------------+--------------------+------------------------------|
| p                 |                       592.00 |            1041.00 |            619.00 |             947.00 |                       599.00 |
| n                 |                      3206.00 |            2757.00 |           3179.00 |            2851.00 |                      3199.00 |
| tp                |                       416.00 |             798.00 |            506.00 |             790.00 |                       454.00 |
| tn                |                      3128.00 |            2472.00 |           3089.00 |            2536.00 |                      3133.00 |
| fn                |                       176.00 |             243.00 |            113.00 |             157.00 |                       145.00 |
| fp                |                        78.00 |             285.00 |             90.00 |             315.00 |                        66.00 |
| sensitivity       |                         0.70 |               0.77 |              0.82 |               0.83 |                         0.76 |
| specificity       |                         0.98 |               0.90 |              0.97 |               0.89 |                         0.98 |
| precision         |                         0.84 |               0.74 |              0.85 |               0.71 |                         0.87 |
| accuracy          |                         0.93 |               0.86 |              0.95 |               0.88 |                         0.94 |
| balanced-accuracy |                         0.84 |               0.83 |              0.89 |               0.86 |                         0.87 |
| f1-score          |                         0.77 |               0.75 |              0.83 |               0.77 |                         0.81 |
| mcc               |                         0.73 |               0.66 |              0.80 |               0.69 |                         0.78 |