| Metric            |   Class [EXTREMELY NEGATIVE] |   Class [NEGATIVE] |   Class [NEUTRAL] |   Class [POSITIVE] |   Class [EXTREMELY POSITIVE] |
|-------------------+------------------------------+--------------------+-------------------+--------------------+------------------------------|
| p                 |                       592.00 |            1041.00 |            619.00 |             947.00 |                       599.00 |
| n                 |                      3206.00 |            2757.00 |           3179.00 |            2851.00 |                      3199.00 |
| tp                |                       513.00 |             927.00 |            523.00 |             759.00 |                       552.00 |
| tn                |                      3147.00 |            2564.00 |           3143.00 |            2720.00 |                      3094.00 |
| fn                |                        79.00 |             114.00 |             96.00 |             188.00 |                        47.00 |
| fp                |                        59.00 |             193.00 |             36.00 |             131.00 |                       105.00 |
| sensitivity       |                         0.87 |               0.89 |              0.84 |               0.80 |                         0.92 |
| specificity       |                         0.98 |               0.93 |              0.99 |               0.95 |                         0.97 |
| precision         |                         0.90 |               0.83 |              0.94 |               0.85 |                         0.84 |
| accuracy          |                         0.96 |               0.92 |              0.97 |               0.92 |                         0.96 |
| balanced-accuracy |                         0.92 |               0.91 |              0.92 |               0.88 |                         0.94 |
| f1-score          |                         0.88 |               0.86 |              0.89 |               0.83 |                         0.88 |
| mcc               |                         0.86 |               0.80 |              0.87 |               0.77 |                         0.86 |