| Metric            |   Class [EXTREMELY NEGATIVE] |   Class [NEGATIVE] |   Class [NEUTRAL] |   Class [POSITIVE] |   Class [EXTREMELY POSITIVE] |
|-------------------+------------------------------+--------------------+-------------------+--------------------+------------------------------|
| p                 |                       592.00 |            1041.00 |            619.00 |             947.00 |                       599.00 |
| n                 |                      3206.00 |            2757.00 |           3179.00 |            2851.00 |                      3199.00 |
| tp                |                       388.00 |             402.00 |            416.00 |             404.00 |                       120.00 |
| tn                |                      2604.00 |            2246.00 |           2848.00 |            2313.00 |                      3113.00 |
| fn                |                       204.00 |             639.00 |            203.00 |             543.00 |                       479.00 |
| fp                |                       602.00 |             511.00 |            331.00 |             538.00 |                        86.00 |
| sensitivity       |                         0.66 |               0.39 |              0.67 |               0.43 |                         0.20 |
| specificity       |                         0.81 |               0.81 |              0.90 |               0.81 |                         0.97 |
| precision         |                         0.39 |               0.44 |              0.56 |               0.43 |                         0.58 |
| accuracy          |                         0.79 |               0.70 |              0.86 |               0.72 |                         0.85 |
| balanced-accuracy |                         0.73 |               0.60 |              0.78 |               0.62 |                         0.59 |
| f1-score          |                         0.49 |               0.41 |              0.61 |               0.43 |                         0.30 |
| mcc               |                         0.39 |               0.21 |              0.53 |               0.24 |                         0.28 |