| Metric            |   Class [EXTREMELY NEGATIVE] |   Class [NEGATIVE] |   Class [NEUTRAL] |   Class [POSITIVE] |   Class [EXTREMELY POSITIVE] |
|-------------------+------------------------------+--------------------+-------------------+--------------------+------------------------------|
| p                 |                       592.00 |            1041.00 |            619.00 |             947.00 |                       599.00 |
| n                 |                      3206.00 |            2757.00 |           3179.00 |            2851.00 |                      3199.00 |
| tp                |                       468.00 |             812.00 |            493.00 |             757.00 |                       491.00 |
| tn                |                      3106.00 |            2485.00 |           3116.00 |            2605.00 |                      3103.00 |
| fn                |                       124.00 |             229.00 |            126.00 |             190.00 |                       108.00 |
| fp                |                       100.00 |             272.00 |             63.00 |             246.00 |                        96.00 |
| sensitivity       |                         0.79 |               0.78 |              0.80 |               0.80 |                         0.82 |
| specificity       |                         0.97 |               0.90 |              0.98 |               0.91 |                         0.97 |
| precision         |                         0.82 |               0.75 |              0.89 |               0.75 |                         0.84 |
| accuracy          |                         0.94 |               0.87 |              0.95 |               0.89 |                         0.95 |
| balanced-accuracy |                         0.88 |               0.84 |              0.89 |               0.86 |                         0.89 |
| f1-score          |                         0.81 |               0.76 |              0.84 |               0.78 |                         0.83 |
| mcc               |                         0.77 |               0.67 |              0.81 |               0.70 |                         0.80 |