| Metric            |   Class [EXTREMELY NEGATIVE] |   Class [NEGATIVE] |   Class [NEUTRAL] |   Class [POSITIVE] |   Class [EXTREMELY POSITIVE] |
|-------------------+------------------------------+--------------------+-------------------+--------------------+------------------------------|
| p                 |                       592.00 |            1041.00 |            619.00 |             947.00 |                       599.00 |
| n                 |                      3206.00 |            2757.00 |           3179.00 |            2851.00 |                      3199.00 |
| tp                |                       409.00 |             762.00 |            472.00 |             664.00 |                       457.00 |
| tn                |                      3128.00 |            2397.00 |           3044.00 |            2526.00 |                      3063.00 |
| fn                |                       183.00 |             279.00 |            147.00 |             283.00 |                       142.00 |
| fp                |                        78.00 |             360.00 |            135.00 |             325.00 |                       136.00 |
| sensitivity       |                         0.69 |               0.73 |              0.76 |               0.70 |                         0.76 |
| specificity       |                         0.98 |               0.87 |              0.96 |               0.89 |                         0.96 |
| precision         |                         0.84 |               0.68 |              0.78 |               0.67 |                         0.77 |
| accuracy          |                         0.93 |               0.83 |              0.93 |               0.84 |                         0.93 |
| balanced-accuracy |                         0.83 |               0.80 |              0.86 |               0.79 |                         0.86 |
| f1-score          |                         0.76 |               0.70 |              0.77 |               0.69 |                         0.77 |
| mcc               |                         0.72 |               0.59 |              0.73 |               0.58 |                         0.72 |