| Metric            |   Class [EXTREMELY NEGATIVE] |   Class [NEGATIVE] |   Class [NEUTRAL] |   Class [POSITIVE] |   Class [EXTREMELY POSITIVE] |
|-------------------+------------------------------+--------------------+-------------------+--------------------+------------------------------|
| p                 |                       592.00 |            1041.00 |            619.00 |             947.00 |                       599.00 |
| n                 |                      3206.00 |            2757.00 |           3179.00 |            2851.00 |                      3199.00 |
| tp                |                        66.00 |             568.00 |             99.00 |             427.00 |                       118.00 |
| tn                |                      3070.00 |            1631.00 |           2975.00 |            1997.00 |                      2999.00 |
| fn                |                       526.00 |             473.00 |            520.00 |             520.00 |                       481.00 |
| fp                |                       136.00 |            1126.00 |            204.00 |             854.00 |                       200.00 |
| sensitivity       |                         0.11 |               0.55 |              0.16 |               0.45 |                         0.20 |
| specificity       |                         0.96 |               0.59 |              0.94 |               0.70 |                         0.94 |
| precision         |                         0.33 |               0.34 |              0.33 |               0.33 |                         0.37 |
| accuracy          |                         0.83 |               0.58 |              0.81 |               0.64 |                         0.82 |
| balanced-accuracy |                         0.53 |               0.57 |              0.55 |               0.58 |                         0.57 |
| f1-score          |                         0.17 |               0.42 |              0.21 |               0.38 |                         0.26 |
| mcc               |                         0.11 |               0.12 |              0.13 |               0.14 |                         0.18 |