| Metric            |   Class [EXTREMELY NEGATIVE] |   Class [NEGATIVE] |   Class [NEUTRAL] |   Class [POSITIVE] |   Class [EXTREMELY POSITIVE] |
|-------------------+------------------------------+--------------------+-------------------+--------------------+------------------------------|
| p                 |                       592.00 |            1041.00 |            619.00 |             947.00 |                       599.00 |
| n                 |                      3206.00 |            2757.00 |           3179.00 |            2851.00 |                      3199.00 |
| tp                |                       467.00 |             776.00 |            481.00 |             713.00 |                       468.00 |
| tn                |                      3072.00 |            2473.00 |           3095.00 |            2562.00 |                      3097.00 |
| fn                |                       125.00 |             265.00 |            138.00 |             234.00 |                       131.00 |
| fp                |                       134.00 |             284.00 |             84.00 |             289.00 |                       102.00 |
| sensitivity       |                         0.79 |               0.75 |              0.78 |               0.75 |                         0.78 |
| specificity       |                         0.96 |               0.90 |              0.97 |               0.90 |                         0.97 |
| precision         |                         0.78 |               0.73 |              0.85 |               0.71 |                         0.82 |
| accuracy          |                         0.93 |               0.86 |              0.94 |               0.86 |                         0.94 |
| balanced-accuracy |                         0.87 |               0.82 |              0.88 |               0.83 |                         0.87 |
| f1-score          |                         0.78 |               0.74 |              0.81 |               0.73 |                         0.80 |
| mcc               |                         0.74 |               0.64 |              0.78 |               0.64 |                         0.76 |